0,000 ~ 0,000
0,100 ~ 0,190
0,200 ~ 0,321
0,300 ~ 0,351
0,400 ~ 0,260
0,500 ~ 0,060
0,600 ~ -0,212
0,700 ~ -0,498
0,800 ~ -0,737
0,900 ~ -0,880
1,000 ~ -0,900
1,100 ~ -0,798
1,200 ~ -0,606
1,300 ~ -0,374
1,400 ~ -0,164
1,500 ~ -0,030
1,600 ~ -0,005
1,700 ~ -0,097
1,800 ~ -0,281
1,900 ~ -0,511
2,000 ~ -0,727
2,100 ~ -0,871
2,200 ~ -0,904
2,300 ~ -0,811
2,400 ~ -0,606
2,500 ~ -0,332
2,600 ~ -0,048
2,700 ~ 0,188
2,800 ~ 0,328
2,900 ~ 0,348
3,000 ~ 0,255
3,100 ~ 0,082
3,200 ~ -0,115
3,300 ~ -0,277
3,400 ~ -0,353
3,500 ~ -0,312
3,600 ~ -0,154
3,700 ~ 0,094
3,800 ~ 0,381
3,900 ~ 0,647
4,000 ~ 0,835
4,100 ~ 0,908
4,200 ~ 0,854
4,300 ~ 0,694
4,400 ~ 0,471
4,500 ~ 0,245
4,600 ~ 0,074
4,700 ~ 0,001
4,800 ~ 0,045
4,900 ~ 0,196
5,000 ~ 0,413
5,100 ~ 0,642
5,200 ~ 0,823
5,300 ~ 0,906
5,400 ~ 0,865
5,500 ~ 0,702
5,600 ~ 0,451
5,700 ~ 0,163
5,800 ~ -0,100
5,900 ~ -0,284
6,000 ~ -0,354
6,100 ~ -0,305
6,200 ~ -0,160
6,300 ~ 0,034
6,400 ~ 0,217
6,500 ~ 0,334
6,600 ~ 0,344
6,700 ~ 0,233
6,800 ~ 0,017
6,900 ~ -0,260
7,000 ~ -0,543
7,100 ~ -0,769
7,200 ~ -0,893
7,300 ~ -0,891
7,400 ~ -0,771
7,500 ~ -0,568
7,600 ~ -0,336
7,700 ~ -0,135
7,800 ~ -0,017
7,900 ~ -0,013
8,000 ~ -0,122
8,100 ~ -0,318
8,200 ~ -0,550
8,300 ~ -0,757
8,400 ~ -0,886
8,500 ~ -0,897
8,600 ~ -0,783
8,700 ~ -0,563
8,800 ~ -0,284
8,900 ~ -0,003
9,000 ~ 0,219
9,100 ~ 0,340
9,200 ~ 0,339
9,300 ~ 0,230
9,400 ~ 0,049
9,500 ~ -0,146
9,600 ~ -0,297
9,700 ~ -0,355
9,800 ~ -0,294
9,900 ~ -0,118
